%% High Density Data

%% First replicate


HD1 = [ 78     0     0     0     0     0     0;
    59    16     0     0     0     0     0;
    26    39     6     0     0     0     0;
    14    14    27     9     0     0     0;
     0     4    21    33     0     0     0;
     0     3     9    42     4     0     0;
     0     3     5    22    28     0     0;
     0     3     5    15    34     0     0;
     0     3     4    14    26     7     3;
     0     3     4    14     8     8    10;
     0     2     2    16     2     0     6;
     0     2     1    17     0     1     1;
     0     2     0    16     2     0     0;
     0     2     0    16     2     0     0;
     0     2     0    16     2     0     0;
     0     1     0    16     1     1     0;
     0     1     0    15     1     0     0;
     0     1     0    15     1     0     0;
     0     1     0    13     1     0     0;
     0     1     0    10     1     0     0;
     0     1     0     9     1     0     0;
     0     1     0     9     1     0     0;
     0     1     0     7     1     0     0;
     0     1     0     5     1     0     0;
     0     1     0     4     1     0     0;
     0     1     0     3     2     0     0;
     0     0     1     2     2     0     0;
     0     0     1     1     2     0     0;
     0     0     1     0     2     0     0;
     0     0     1     0     2     0     0];

%% Second replicate

HD2 = [78     0     0     0     0     0     0;
    55    23     0     0     0     0     0;
    27    41    10     0     0     0     0;
     0    14    45    19     0     0     0;
     0     1     4    73     0     0     0;
     0     0     2    72     3     0     0;
     0     0     1    29    44     0     0;
     0     0     1    22    47     3     0;
     0     0     1    21    12    26    10;
     0     0     1    21     5     1     6;
     0     0     1    20     3     1     2;
     0     0     1    20     2     1     0;
     0     0     0    21     2     0     0;
     0     0     0    21     2     0     0;
     0     0     0    20     2     0     0;
     0     0     0    20     2     0     0;
     0     0     0    20     2     0     0;
     0     0     0    20     2     0     0;
     0     0     0    19     2     0     0;
     0     0     0    16     2     0     0;
     0     0     0    12     2     0     0;
     0     0     0    10     2     0     0;
     0     0     0     7     2     0     0;
     0     0     0     6     2     0     0;
     0     0     0     5     2     0     0;
     0     0     0     5     2     0     0;
     0     0     0     5     2     0     0;
     0     0     0     4     2     0     0;
     0     0     0     4     2     0     0;
     0     0     0     3     2     0     0;
     0     0     0     3     2     0     0;
     0     0     0     3     2     0     0;
     0     0     0     3     2     0     0;
     0     0     0     2     2     0     0;
     0     0     0     2     2     0     0;
     0     0     0     1     2     0     0;
     0     0     0     1     2     0     0;
     0     0     0     1     2     0     0];
 
 %% Third replicate
 
 HD3 = [  78     0     0     0     0     0     0;
    57    19     0     0     0     0     0;
    31    38     5     0     0     0     0;
     1     2    56    15     0     0     0;
     0     2     3    64     0     0     0;
     0     1     0    38    28     0     0;
     0     1     0    15    51     0     0;
     0     1     0    12    26    24     4;
     0     1     0     8    10     8    12;
     0     1     0     8     4     1     5;
     0     1     0     8     1     0     3;
     0     1     0     7     1     0     1;
     0     0     0     5     1     0     0;
     0     0     0     4     1     1     0;
     0     0     0     4     0     1     0;
     0     0     0     4     0     0     0;
     0     0     0     4     0     0     0;
     0     0     0     4     0     0     0;
     0     0     0     4     0     0     0;
     0     0     0     4     0     0     0;
     0     0     0     4     0     0     0;
     0     0     0     4     0     0     0;
     0     0     0     3     0     0     0;
     0     0     0     2     0     0     0;
     0     0     0     2     0     0     0;
     0     0     0     2     0     0     0;
     0     0     0     2     0     0     0;
     0     0     0     2     0     0     0;
     0     0     0     1     0     0     0;
     0     0     0     1     0     0     0;
     0     0     0     1     0     0     0;
     0     0     0     1     0     0     0;
     0     0     0     1     0     0     0;
     0     0     0     1     0     0     0;
     0     0     0     1     0     0     0;
     0     0     0     1     0     0     0];
%% Fourth replicate

HD4 = [78     0     0     0     0     0     0;
    53    24     0     0     0     0     0;
    25    37    13     0     0     0     0;
     0     1    56    17     0     0     0;
     0     1     2    71     0     0     0;
     0     0     0    44    26     0     0;
     0     0     0    14    55     0     0;
     0     0     0    10    34    24     1;
     0     0     0    10     8     9    17;
     0     0     0    10     3     1     4;
     0     0     0     9     4     0     0;
     0     0     0     9     4     0     0;
     0     0     0     8     4     0     0;
     0     0     0     8     4     0     0;
     0     0     0     7     4     0     0;
     0     0     0     7     4     0     0;
     0     0     0     7     4     0     0;
     0     0     0     5     6     0     0;
     0     0     0     5     6     0     0;
     0     0     0     5     6     0     0;
     0     0     0     5     6     0     0;
     0     0     0     5     6     0     0;
     0     0     0     4     6     0     0;
     0     0     0     3     6     0     0;
     0     0     0     3     6     0     0;
     0     0     0     2     6     0     0;
     0     0     0     1     6     0     0;
     0     0     0     1     6     0     0;
     0     0     0     1     6     0     0;
     0     0     0     1     6     0     0;
     0     0     0     1     6     0     0];
 
 %% Fifth replicate
 
 HD5 = [ 78     0     0     0     0 0 0;
    65	11	0	0	0 0 0;
    37	33	4	0	0 0 0;
    2	6	24	10	0 0 0;
    1	1	1	39	0 0 0;
    0	1	0	33	7 0 0;
    0	1	0	5	35 0 0;
    0	1	0	2	36 2 0;
    0	1	0	2	4 20 12;
    0	1	0	2	4  0 0;
    0	0	1	1	2 1 2;
    0	0	0	2	2 0 0 ;
    0	0	0	2	1 0 1;
    0	0	0	2	1 0 0;
    0	0	0	1	2 0 0;
    0	0	0	1	2 0 0;
    0	0	0	1	1 0 1];