%% Low Density LD

%% First replicate

LD1 = [26     0     0     0     0     0     0;
    17     8     0     0     0     0     0;
     1    11    11     0     0     0     0;
     0     0    10     7     0     0     0;
     0     0     1    16     0     0     0;
     0     0     1    14     2     0     0;
     0     0     0     1    16     0     0;
     0     0     0     1    16     0     0;
     0     0     0     1     9     4     3;
     0     0     0     0     3     4     3;
     0     0     0     0     2     0     1];

%% Second replicate

LD2 = [  26     0     0     0     0     0     0;
    15    10     0     0     0     0     0;
     2    13    10     0     0     0     0;
     0     0    11    14     0     0     0;
     0     0     2    23     0     0     0;
     0     0     1    23     1     0     0;
     0     0     0     3    20     0     0;
     0     0     0     1    21     0     0;
     0     0     0     1    12     6     3;
     0     0     0     1     2     2     8;
     0     0     0     1     2     0     0;
     0     0     0     1     2     0     0;
     0     0     0     1     2     0     0;
     0     0     0     1     2     0     0;
     0     0     0     1     2     0     0];
 
 %% Third replicate
 
 LD3 = [   26     0     0     0     0     0     0;
    13    13     0     0     0     0     0;
     3    12    11     0     0     0     0;
     0     1     8    17     0     0     0;
     0     0     1    24     0     0     0;
     0     0     1    19     5     0     0;
     0     0     0     1    24     0     0;
     0     0     0     1    24     0     0;
     0     0     0     1     9     8     7;
     0     0     0     1     2     3     4;
     0     0     0     0     2     0     1;
     0     0     0     0     2     0     0;
     0     0     0     0     2     0     0;
     0     0     0     0     1     0     1];
 
 %% Fourth replicate
 
 LD4 = [26	0	0	0	0	0	0;
            19	7	0	0	0   0   0;
            3	19	4	0	0   0   0;
            0	4	9	7	0   0   0;
            0	0	0	19	0   0   0;
            0	0	0	16	3   0   0;
            0	0	0	1	18  0   0;
            0	0	0	0	18  1   0;
            0	0	0   0   4   7   7;
            0	0	0   0   4   0	0;
            0	0	0   0   0   2	2];
 
 %% Fifth replicate
 
LD5 = [26     0      0	0	0	0	0;
        20      6       0	0	0	0	0;
        3       17      6	0	0   0	0;
        0       0       3	23	0   0	0;
        0       0       0	26	0   0	0;
        0       0       0	17	9   0	0;
        0       0       0	0   26  0   0;
        0       0       0	0   20	6	0;
        0       0       0	0   1	7   12];