%% Survival Data

% low density (male, female)
LD = [8	7;...
8	11;...
11	13;...
10	9;...
13	12;...
8	9;...
16	8;...
10	10;...
10	10;...
9	14;...
11	14;...
14	12;...
9	11;...
12	10;...
13	5;...
12	10;...
9	10;...
7	12;...
8	7;...
9	11];

% high density (male, female)
HD = [17	20;...
32	18;...
35	25;...
34	22;...
23	16;...
29	22;...
31	28;...
18	21;...
35	21;...
29	19;...
25	23;...
25	32;...
22	34];